JILIN-1 GAOFEN 03D09
2025-05-22T01:37:07.922813+00:00   1123.323    486.935  -6737.580
2025-05-22T01:37:17.922813+00:00   1098.686    415.379  -6746.379
2025-05-22T01:37:27.922813+00:00   1073.912    343.772  -6754.341
2025-05-22T01:37:37.922813+00:00   1049.005    272.123  -6761.464
2025-05-22T01:37:47.922813+00:00   1023.968    200.439  -6767.748
2025-05-22T01:37:57.922813+00:00    998.804    128.731  -6773.191
2025-05-22T01:38:07.922813+00:00    973.516     57.007  -6777.794
2025-05-22T01:38:17.922813+00:00    948.107    -14.725  -6781.556
2025-05-22T01:38:27.922813+00:00    922.580    -86.454  -6784.475
2025-05-22T01:38:37.922813+00:00    896.938   -158.173  -6786.553
2025-05-22T01:38:47.922813+00:00    871.186   -229.872  -6787.787
2025-05-22T01:38:57.922813+00:00    845.325   -301.543  -6788.179
2025-05-22T01:39:07.922813+00:00    819.359   -373.176  -6787.728
2025-05-22T01:39:17.922813+00:00    793.292   -444.763  -6786.435
2025-05-22T01:39:27.922813+00:00    767.125   -516.295  -6784.298
2025-05-22T01:39:37.922813+00:00    740.864   -587.762  -6781.320
2025-05-22T01:39:47.922813+00:00    714.511   -659.157  -6777.499
2025-05-22T01:39:57.922813+00:00    688.069   -730.469  -6772.836
2025-05-22T01:40:07.922813+00:00    661.541   -801.691  -6767.333
2025-05-22T01:40:17.922813+00:00    634.932   -872.814  -6760.989
2025-05-22T01:40:27.922813+00:00    608.243   -943.828  -6753.805
2025-05-22T01:40:37.922813+00:00    581.479  -1014.724  -6745.782
2025-05-22T01:40:47.922813+00:00    554.643  -1085.495  -6736.922
2025-05-22T01:40:57.922813+00:00    527.738  -1156.131  -6727.225
2025-05-22T01:41:07.922813+00:00    500.767  -1226.623  -6716.692
2025-05-22T01:41:17.922813+00:00    473.734  -1296.963  -6705.324
2025-05-22T01:41:27.922813+00:00    446.642  -1367.142  -6693.124
2025-05-22T01:41:37.922813+00:00    419.495  -1437.151  -6680.092
2025-05-22T01:41:47.922813+00:00    392.296  -1506.981  -6666.231
2025-05-22T01:41:57.922813+00:00    365.048  -1576.625  -6651.541
2025-05-22T01:42:07.922813+00:00    337.754  -1646.072  -6636.025
2025-05-22T01:42:17.922813+00:00    310.419  -1715.315  -6619.684
2025-05-22T01:42:27.922813+00:00    283.045  -1784.344  -6602.520
2025-05-22T01:42:37.922813+00:00    255.635  -1853.152  -6584.536
2025-05-22T01:42:47.922813+00:00    228.194  -1921.729  -6565.734
2025-05-22T01:42:57.922813+00:00    200.725  -1990.068  -6546.115
2025-05-22T01:43:07.922813+00:00    173.231  -2058.160  -6525.683
2025-05-22T01:43:17.922813+00:00    145.715  -2125.995  -6504.440
2025-05-22T01:43:27.922813+00:00    118.181  -2193.566  -6482.388
2025-05-22T01:43:37.922813+00:00     90.632  -2260.865  -6459.531
2025-05-22T01:43:47.922813+00:00     63.073  -2327.882  -6435.870
2025-05-22T01:43:57.922813+00:00     35.505  -2394.610  -6411.410
2025-05-22T01:44:07.922813+00:00      7.933  -2461.041  -6386.152
2025-05-22T01:44:17.922813+00:00    -19.640  -2527.165  -6360.100
2025-05-22T01:44:27.922813+00:00    -47.211  -2592.975  -6333.257
2025-05-22T01:44:37.922813+00:00    -74.776  -2658.463  -6305.627
2025-05-22T01:44:47.922813+00:00   -102.331  -2723.620  -6277.213
2025-05-22T01:44:57.922813+00:00   -129.874  -2788.438  -6248.017
2025-05-22T01:45:07.922813+00:00   -157.401  -2852.910  -6218.045
2025-05-22T01:45:17.922813+00:00   -184.908  -2917.026  -6187.299
2025-05-22T01:45:27.922813+00:00   -212.392  -2980.780  -6155.784
2025-05-22T01:45:37.922813+00:00   -239.850  -3044.163  -6123.503
2025-05-22T01:45:47.922813+00:00   -267.277  -3107.167  -6090.460
2025-05-22T01:45:57.922813+00:00   -294.672  -3169.785  -6056.659
2025-05-22T01:46:07.922813+00:00   -322.030  -3232.008  -6022.104
2025-05-22T01:46:17.922813+00:00   -349.348  -3293.829  -5986.801
2025-05-22T01:46:27.922813+00:00   -376.622  -3355.240  -5950.752
2025-05-22T01:46:37.922813+00:00   -403.849  -3416.234  -5913.962
2025-05-22T01:46:47.922813+00:00   -431.026  -3476.802  -5876.437
2025-05-22T01:46:57.922813+00:00   -458.150  -3536.937  -5838.180
2025-05-22T01:47:07.922813+00:00   -485.216  -3596.633  -5799.196
2025-05-22T01:47:17.922813+00:00   -512.223  -3655.880  -5759.490
2025-05-22T01:47:27.922813+00:00   -539.165  -3714.673  -5719.067
2025-05-22T01:47:37.922813+00:00   -566.040  -3773.002  -5677.933
2025-05-22T01:47:47.922813+00:00   -592.845  -3830.862  -5636.091
2025-05-22T01:47:57.922813+00:00   -619.576  -3888.245  -5593.547
2025-05-22T01:48:07.922813+00:00   -646.229  -3945.144  -5550.307
2025-05-22T01:48:17.922813+00:00   -672.803  -4001.552  -5506.375
2025-05-22T01:48:27.922813+00:00   -699.292  -4057.461  -5461.758
2025-05-22T01:48:37.922813+00:00   -725.694  -4112.864  -5416.460
2025-05-22T01:48:47.922813+00:00   -752.006  -4167.755  -5370.487
2025-05-22T01:48:57.922813+00:00   -778.225  -4222.127  -5323.846
2025-05-22T01:49:07.922813+00:00   -804.346  -4275.973  -5276.541
2025-05-22T01:49:17.922813+00:00   -830.367  -4329.286  -5228.578
2025-05-22T01:49:27.922813+00:00   -856.284  -4382.060  -5179.964
2025-05-22T01:49:37.922813+00:00   -882.095  -4434.287  -5130.704
2025-05-22T01:49:47.922813+00:00   -907.796  -4485.962  -5080.805
2025-05-22T01:49:57.922813+00:00   -933.384  -4537.077  -5030.273
2025-05-22T01:50:07.922813+00:00   -958.855  -4587.627  -4979.113
2025-05-22T01:50:17.922813+00:00   -984.207  -4637.605  -4927.333
2025-05-22T01:50:27.922813+00:00  -1009.436  -4687.005  -4874.938
2025-05-22T01:50:37.922813+00:00  -1034.539  -4735.821  -4821.936
2025-05-22T01:50:47.922813+00:00  -1059.514  -4784.045  -4768.332
2025-05-22T01:50:57.922813+00:00  -1084.356  -4831.674  -4714.134
2025-05-22T01:51:07.922813+00:00  -1109.063  -4878.699  -4659.347
2025-05-22T01:51:17.922813+00:00  -1133.631  -4925.116  -4603.980
2025-05-22T01:51:27.922813+00:00  -1158.058  -4970.919  -4548.038
2025-05-22T01:51:37.922813+00:00  -1182.341  -5016.101  -4491.529
2025-05-22T01:51:47.922813+00:00  -1206.476  -5060.658  -4434.459
2025-05-22T01:51:57.922813+00:00  -1230.461  -5104.583  -4376.836
2025-05-22T01:52:07.922813+00:00  -1254.292  -5147.872  -4318.667
2025-05-22T01:52:17.922813+00:00  -1277.966  -5190.517  -4259.959
2025-05-22T01:52:27.922813+00:00  -1301.481  -5232.515  -4200.719
2025-05-22T01:52:37.922813+00:00  -1324.834  -5273.860  -4140.955
2025-05-22T01:52:47.922813+00:00  -1348.021  -5314.547  -4080.674
2025-05-22T01:52:57.922813+00:00  -1371.040  -5354.570  -4019.883
2025-05-22T01:53:07.922813+00:00  -1393.888  -5393.924  -3958.591
2025-05-22T01:53:17.922813+00:00  -1416.561  -5432.605  -3896.804
2025-05-22T01:53:27.922813+00:00  -1439.058  -5470.607  -3834.531
2025-05-22T01:53:37.922813+00:00  -1461.375  -5507.927  -3771.779
2025-05-22T01:53:47.922813+00:00  -1483.510  -5544.558  -3708.555
2025-05-22T01:53:57.922813+00:00  -1505.459  -5580.497  -3644.869
2025-05-22T01:54:07.922813+00:00  -1527.220  -5615.738  -3580.727
2025-05-22T01:54:17.922813+00:00  -1548.790  -5650.278  -3516.137
2025-05-22T01:54:27.922813+00:00  -1570.167  -5684.112  -3451.109
2025-05-22T01:54:37.922813+00:00  -1591.348  -5717.236  -3385.649
2025-05-22T01:54:47.922813+00:00  -1612.329  -5749.645  -3319.766
2025-05-22T01:54:57.922813+00:00  -1633.110  -5781.336  -3253.468
2025-05-22T01:55:07.922813+00:00  -1653.686  -5812.303  -3186.763
2025-05-22T01:55:17.922813+00:00  -1674.055  -5842.545  -3119.660
2025-05-22T01:55:27.922813+00:00  -1694.215  -5872.056  -3052.167
2025-05-22T01:55:37.922813+00:00  -1714.163  -5900.832  -2984.293
2025-05-22T01:55:47.922813+00:00  -1733.897  -5928.871  -2916.045
2025-05-22T01:55:57.922813+00:00  -1753.414  -5956.169  -2847.433
2025-05-22T01:56:07.922813+00:00  -1772.712  -5982.721  -2778.464
2025-05-22T01:56:17.922813+00:00  -1791.788  -6008.526  -2709.148
2025-05-22T01:56:27.922813+00:00  -1810.640  -6033.578  -2639.493
2025-05-22T01:56:37.922813+00:00  -1829.265  -6057.876  -2569.508
2025-05-22T01:56:47.922813+00:00  -1847.662  -6081.416  -2499.201
2025-05-22T01:56:57.922813+00:00  -1865.827  -6104.195  -2428.582
2025-05-22T01:57:07.922813+00:00  -1883.759  -6126.210  -2357.659
2025-05-22T01:57:17.922813+00:00  -1901.455  -6147.458  -2286.440
2025-05-22T01:57:27.922813+00:00  -1918.913  -6167.937  -2214.936
2025-05-22T01:57:37.922813+00:00  -1936.131  -6187.644  -2143.154
2025-05-22T01:57:47.922813+00:00  -1953.106  -6206.576  -2071.104
2025-05-22T01:57:57.922813+00:00  -1969.837  -6224.732  -1998.795
2025-05-22T01:58:07.922813+00:00  -1986.322  -6242.107  -1926.235
2025-05-22T01:58:17.922813+00:00  -2002.557  -6258.702  -1853.434
2025-05-22T01:58:27.922813+00:00  -2018.542  -6274.512  -1780.401
2025-05-22T01:58:37.922813+00:00  -2034.274  -6289.537  -1707.146
2025-05-22T01:58:47.922813+00:00  -2049.752  -6303.773  -1633.676
2025-05-22T01:58:57.922813+00:00  -2064.972  -6317.220  -1560.001
2025-05-22T01:59:07.922813+00:00  -2079.934  -6329.876  -1486.132
2025-05-22T01:59:17.922813+00:00  -2094.635  -6341.739  -1412.076
2025-05-22T01:59:27.922813+00:00  -2109.074  -6352.807  -1337.843
2025-05-22T01:59:37.922813+00:00  -2123.248  -6363.078  -1263.442
2025-05-22T01:59:47.922813+00:00  -2137.156  -6372.553  -1188.883
2025-05-22T01:59:57.922813+00:00  -2150.797  -6381.228  -1114.175
2025-05-22T02:00:07.922813+00:00  -2164.167  -6389.104  -1039.327
2025-05-22T02:00:17.922813+00:00  -2177.267  -6396.179   -964.350
2025-05-22T02:00:27.922813+00:00  -2190.093  -6402.452   -889.251
2025-05-22T02:00:37.922813+00:00  -2202.645  -6407.922   -814.040
2025-05-22T02:00:47.922813+00:00  -2214.921  -6412.588   -738.728
2025-05-22T02:00:57.922813+00:00  -2226.919  -6416.450   -663.323
2025-05-22T02:01:07.922813+00:00  -2238.638  -6419.508   -587.835
2025-05-22T02:01:17.922813+00:00  -2250.075  -6421.760   -512.273
2025-05-22T02:01:27.922813+00:00  -2261.231  -6423.207   -436.646
2025-05-22T02:01:37.922813+00:00  -2272.103  -6423.848   -360.965
2025-05-22T02:01:47.922813+00:00  -2282.690  -6423.683   -285.239
2025-05-22T02:01:57.922813+00:00  -2292.990  -6422.711   -209.477
2025-05-22T02:02:07.922813+00:00  -2303.003  -6420.934   -133.689
2025-05-22T02:02:17.922813+00:00  -2312.726  -6418.351    -57.883
2025-05-22T02:02:27.922813+00:00  -2322.159  -6414.963     17.929
2025-05-22T02:02:37.922813+00:00  -2331.301  -6410.769     93.739
2025-05-22T02:02:47.922813+00:00  -2340.150  -6405.770    169.538
2025-05-22T02:02:57.922813+00:00  -2348.706  -6399.967    245.315
2025-05-22T02:03:07.922813+00:00  -2356.966  -6393.361    321.061
2025-05-22T02:03:17.922813+00:00  -2364.931  -6385.952    396.767
2025-05-22T02:03:27.922813+00:00  -2372.598  -6377.741    472.423
2025-05-22T02:03:37.922813+00:00  -2379.968  -6368.728    548.020
2025-05-22T02:03:47.922813+00:00  -2387.038  -6358.916    623.548
2025-05-22T02:03:57.922813+00:00  -2393.809  -6348.305    698.998
2025-05-22T02:04:07.922813+00:00  -2400.279  -6336.897    774.360
2025-05-22T02:04:17.922813+00:00  -2406.448  -6324.693    849.624
2025-05-22T02:04:27.922813+00:00  -2412.314  -6311.693    924.782
2025-05-22T02:04:37.922813+00:00  -2417.877  -6297.901    999.824
2025-05-22T02:04:47.922813+00:00  -2423.136  -6283.317   1074.740
2025-05-22T02:04:57.922813+00:00  -2428.090  -6267.944   1149.521
2025-05-22T02:05:07.922813+00:00  -2432.740  -6251.783   1224.157
2025-05-22T02:05:17.922813+00:00  -2437.083  -6234.836   1298.640
2025-05-22T02:05:27.922813+00:00  -2441.121  -6217.105   1372.959
2025-05-22T02:05:37.922813+00:00  -2444.851  -6198.592   1447.106
2025-05-22T02:05:47.922813+00:00  -2448.274  -6179.301   1521.071
2025-05-22T02:05:57.922813+00:00  -2451.389  -6159.232   1594.844
2025-05-22T02:06:07.922813+00:00  -2454.196  -6138.388   1668.417
2025-05-22T02:06:17.922813+00:00  -2456.694  -6116.773   1741.780
2025-05-22T02:06:27.922813+00:00  -2458.883  -6094.389   1814.924
2025-05-22T02:06:37.922813+00:00  -2460.763  -6071.237   1887.840
2025-05-22T02:06:47.922813+00:00  -2462.334  -6047.323   1960.518
2025-05-22T02:06:57.922813+00:00  -2463.594  -6022.647   2032.950
2025-05-22T02:07:07.922813+00:00  -2464.545  -5997.214   2105.126
2025-05-22T02:07:17.922813+00:00  -2465.186  -5971.026   2177.037
2025-05-22T02:07:27.922813+00:00  -2465.516  -5944.087   2248.674
2025-05-22T02:07:37.922813+00:00  -2465.536  -5916.400   2320.028
2025-05-22T02:07:47.922813+00:00  -2465.246  -5887.968   2391.091
2025-05-22T02:07:57.922813+00:00  -2464.646  -5858.795   2461.852
2025-05-22T02:08:07.922813+00:00  -2463.735  -5828.885   2532.303
2025-05-22T02:08:17.922813+00:00  -2462.515  -5798.241   2602.436
2025-05-22T02:08:27.922813+00:00  -2460.984  -5766.867   2672.241
2025-05-22T02:08:37.922813+00:00  -2459.143  -5734.768   2741.710
2025-05-22T02:08:47.922813+00:00  -2456.993  -5701.946   2810.833
2025-05-22T02:08:57.922813+00:00  -2454.534  -5668.406   2879.603
2025-05-22T02:09:07.922813+00:00  -2451.765  -5634.153   2948.009
2025-05-22T02:09:17.922813+00:00  -2448.688  -5599.190   3016.045
2025-05-22T02:09:27.922813+00:00  -2445.302  -5563.522   3083.701
2025-05-22T02:09:37.922813+00:00  -2441.609  -5527.153   3150.969
2025-05-22T02:09:47.922813+00:00  -2437.608  -5490.088   3217.839
2025-05-22T02:09:57.922813+00:00  -2433.299  -5452.331   3284.305
2025-05-22T02:10:07.922813+00:00  -2428.685  -5413.888   3350.356
2025-05-22T02:10:17.922813+00:00  -2423.764  -5374.763   3415.986
2025-05-22T02:10:27.922813+00:00  -2418.538  -5334.960   3481.185
2025-05-22T02:10:37.922813+00:00  -2413.007  -5294.486   3545.946
2025-05-22T02:10:47.922813+00:00  -2407.173  -5253.344   3610.259
2025-05-22T02:10:57.922813+00:00  -2401.034  -5211.541   3674.118
2025-05-22T02:11:07.922813+00:00  -2394.594  -5169.080   3737.514
2025-05-22T02:11:17.922813+00:00  -2387.851  -5125.969   3800.439
2025-05-22T02:11:27.922813+00:00  -2380.808  -5082.211   3862.885
2025-05-22T02:11:37.922813+00:00  -2373.465  -5037.812   3924.844
2025-05-22T02:11:47.922813+00:00  -2365.822  -4992.779   3986.309
2025-05-22T02:11:57.922813+00:00  -2357.881  -4947.117   4047.271
2025-05-22T02:12:07.922813+00:00  -2349.643  -4900.830   4107.722
2025-05-22T02:12:17.922813+00:00  -2341.109  -4853.926   4167.656
2025-05-22T02:12:27.922813+00:00  -2332.280  -4806.410   4227.065
2025-05-22T02:12:37.922813+00:00  -2323.157  -4758.289   4285.940
2025-05-22T02:12:47.922813+00:00  -2313.740  -4709.567   4344.276
2025-05-22T02:12:57.922813+00:00  -2304.032  -4660.251   4402.063
2025-05-22T02:13:07.922813+00:00  -2294.034  -4610.348   4459.295
2025-05-22T02:13:17.922813+00:00  -2283.746  -4559.863   4515.966
2025-05-22T02:13:27.922813+00:00  -2273.170  -4508.804   4572.066
2025-05-22T02:13:37.922813+00:00  -2262.308  -4457.175   4627.590
2025-05-22T02:13:47.922813+00:00  -2251.160  -4404.985   4682.531
2025-05-22T02:13:57.922813+00:00  -2239.728  -4352.239   4736.880
2025-05-22T02:14:07.922813+00:00  -2228.014  -4298.944   4790.633
2025-05-22T02:14:17.922813+00:00  -2216.019  -4245.107   4843.781
2025-05-22T02:14:27.922813+00:00  -2203.744  -4190.734   4896.318
2025-05-22T02:14:37.922813+00:00  -2191.191  -4135.833   4948.238
2025-05-22T02:14:47.922813+00:00  -2178.362  -4080.410   4999.533
2025-05-22T02:14:57.922813+00:00  -2165.258  -4024.473   5050.198
2025-05-22T02:15:07.922813+00:00  -2151.881  -3968.027   5100.225
2025-05-22T02:15:17.922813+00:00  -2138.233  -3911.081   5149.609
2025-05-22T02:15:27.922813+00:00  -2124.314  -3853.642   5198.344
2025-05-22T02:15:37.922813+00:00  -2110.128  -3795.716   5246.422
2025-05-22T02:15:47.922813+00:00  -2095.675  -3737.312   5293.839
2025-05-22T02:15:57.922813+00:00  -2080.958  -3678.436   5340.587
2025-05-22T02:16:07.922813+00:00  -2065.979  -3619.095   5386.662
2025-05-22T02:16:17.922813+00:00  -2050.738  -3559.298   5432.057
2025-05-22T02:16:27.922813+00:00  -2035.239  -3499.052   5476.766
2025-05-22T02:16:37.922813+00:00  -2019.483  -3438.365   5520.785
2025-05-22T02:16:47.922813+00:00  -2003.473  -3377.243   5564.107
2025-05-22T02:16:57.922813+00:00  -1987.209  -3315.695   5606.726
2025-05-22T02:17:07.922813+00:00  -1970.695  -3253.729   5648.638
2025-05-22T02:17:17.922813+00:00  -1953.932  -3191.352   5689.837
2025-05-22T02:17:27.922813+00:00  -1936.922  -3128.573   5730.318
2025-05-22T02:17:37.922813+00:00  -1919.668  -3065.398   5770.076
2025-05-22T02:17:47.922813+00:00  -1902.171  -3001.837   5809.105
2025-05-22T02:17:57.922813+00:00  -1884.435  -2937.897   5847.402
2025-05-22T02:18:07.922813+00:00  -1866.461  -2873.586   5884.960
2025-05-22T02:18:17.922813+00:00  -1848.251  -2808.912   5921.776
2025-05-22T02:18:27.922813+00:00  -1829.807  -2743.884   5957.844
2025-05-22T02:18:37.922813+00:00  -1811.133  -2678.509   5993.160
2025-05-22T02:18:47.922813+00:00  -1792.230  -2612.797   6027.719
2025-05-22T02:18:57.922813+00:00  -1773.101  -2546.754   6061.518
2025-05-22T02:19:07.922813+00:00  -1753.749  -2480.390   6094.552
2025-05-22T02:19:17.922813+00:00  -1734.174  -2413.713   6126.816
2025-05-22T02:19:27.922813+00:00  -1714.381  -2346.732   6158.307
2025-05-22T02:19:37.922813+00:00  -1694.372  -2279.454   6189.020
2025-05-22T02:19:47.922813+00:00  -1674.148  -2211.888   6218.953
2025-05-22T02:19:57.922813+00:00  -1653.714  -2144.043   6248.100
2025-05-22T02:20:07.922813+00:00  -1633.070  -2075.928   6276.458
2025-05-22T02:20:17.922813+00:00  -1612.221  -2007.550   6304.025
2025-05-22T02:20:27.922813+00:00  -1591.167  -1938.919   6330.795
2025-05-22T02:20:37.922813+00:00  -1569.913  -1870.043   6356.766
2025-05-22T02:20:47.922813+00:00  -1548.461  -1800.931   6381.935
2025-05-22T02:20:57.922813+00:00  -1526.814  -1731.592   6406.299
2025-05-22T02:21:07.922813+00:00  -1504.973  -1662.034   6429.853
2025-05-22T02:21:17.922813+00:00  -1482.943  -1592.267   6452.596
2025-05-22T02:21:27.922813+00:00  -1460.725  -1522.298   6474.525
2025-05-22T02:21:37.922813+00:00  -1438.323  -1452.138   6495.636
2025-05-22T02:21:47.922813+00:00  -1415.740  -1381.794   6515.927
2025-05-22T02:21:57.922813+00:00  -1392.978  -1311.275   6535.395
2025-05-22T02:22:07.922813+00:00  -1370.040  -1240.591   6554.039
2025-05-22T02:22:17.922813+00:00  -1346.929  -1169.751   6571.855
2025-05-22T02:22:27.922813+00:00  -1323.648  -1098.762   6588.842
2025-05-22T02:22:37.922813+00:00  -1300.200  -1027.635   6604.997
2025-05-22T02:22:47.922813+00:00  -1276.587   -956.379   6620.319
2025-05-22T02:22:57.922813+00:00  -1252.814   -885.001   6634.805
2025-05-22T02:23:07.922813+00:00  -1228.883   -813.512   6648.453
2025-05-22T02:23:17.922813+00:00  -1204.796   -741.921   6661.262
2025-05-22T02:23:27.922813+00:00  -1180.557   -670.235   6673.231
2025-05-22T02:23:37.922813+00:00  -1156.170   -598.465   6684.357
2025-05-22T02:23:47.922813+00:00  -1131.636   -526.620   6694.639
2025-05-22T02:23:57.922813+00:00  -1106.960   -454.708   6704.077
2025-05-22T02:24:07.922813+00:00  -1082.144   -382.739   6712.669
2025-05-22T02:24:17.922813+00:00  -1057.191   -310.721   6720.413
2025-05-22T02:24:27.922813+00:00  -1032.105   -238.664   6727.309
2025-05-22T02:24:37.922813+00:00  -1006.889   -166.577   6733.356
2025-05-22T02:24:47.922813+00:00   -981.545    -94.469   6738.554
2025-05-22T02:24:57.922813+00:00   -956.078    -22.349   6742.901
2025-05-22T02:25:07.922813+00:00   -930.490     49.774   6746.397
2025-05-22T02:25:17.922813+00:00   -904.785    121.890   6749.042
2025-05-22T02:25:27.922813+00:00   -878.965    193.991   6750.836
2025-05-22T02:25:37.922813+00:00   -853.035    266.068   6751.777
2025-05-22T02:25:47.922813+00:00   -826.997    338.111   6751.867
2025-05-22T02:25:57.922813+00:00   -800.855    410.111   6751.105
2025-05-22T02:26:07.922813+00:00   -774.611    482.060   6749.491
2025-05-22T02:26:17.922813+00:00   -748.270    553.948   6747.026
2025-05-22T02:26:27.922813+00:00   -721.834    625.766   6743.709
2025-05-22T02:26:37.922813+00:00   -695.308    697.505   6739.542
2025-05-22T02:26:47.922813+00:00   -668.694    769.156   6734.524
2025-05-22T02:26:57.922813+00:00   -641.995    840.710   6728.657
2025-05-22T02:27:07.922813+00:00   -615.215    912.158   6721.941
2025-05-22T02:27:17.922813+00:00   -588.358    983.490   6714.378
2025-05-22T02:27:27.922813+00:00   -561.427   1054.699   6705.967
2025-05-22T02:27:37.922813+00:00   -534.424   1125.775   6696.711
2025-05-22T02:27:47.922813+00:00   -507.355   1196.709   6686.610
2025-05-22T02:27:57.922813+00:00   -480.221   1267.492   6675.666
2025-05-22T02:28:07.922813+00:00   -453.027   1338.115   6663.880
2025-05-22T02:28:17.922813+00:00   -425.776   1408.569   6651.254
2025-05-22T02:28:27.922813+00:00   -398.471   1478.846   6637.789
2025-05-22T02:28:37.922813+00:00   -371.115   1548.936   6623.487
2025-05-22T02:28:47.922813+00:00   -343.713   1618.831   6608.351
2025-05-22T02:28:57.922813+00:00   -316.268   1688.522   6592.380
2025-05-22T02:29:07.922813+00:00   -288.783   1758.000   6575.579
2025-05-22T02:29:17.922813+00:00   -261.261   1827.257   6557.949
2025-05-22T02:29:27.922813+00:00   -233.707   1896.283   6539.492
2025-05-22T02:29:37.922813+00:00   -206.123   1965.070   6520.211
2025-05-22T02:29:47.922813+00:00   -178.513   2033.609   6500.108
2025-05-22T02:29:57.922813+00:00   -150.880   2101.892   6479.186
2025-05-22T02:30:07.922813+00:00   -123.229   2169.910   6457.448
2025-05-22T02:30:17.922813+00:00    -95.562   2237.655   6434.895
2025-05-22T02:30:27.922813+00:00    -67.882   2305.118   6411.532
2025-05-22T02:30:37.922813+00:00    -40.195   2372.290   6387.361
2025-05-22T02:30:47.922813+00:00    -12.502   2439.163   6362.385
2025-05-22T02:30:57.922813+00:00     15.192   2505.729   6336.607
2025-05-22T02:31:07.922813+00:00     42.885   2571.980   6310.031
2025-05-22T02:31:17.922813+00:00     70.572   2637.906   6282.660
2025-05-22T02:31:27.922813+00:00     98.250   2703.500   6254.498
2025-05-22T02:31:37.922813+00:00    125.915   2768.754   6225.548
2025-05-22T02:31:47.922813+00:00    153.565   2833.659   6195.814
2025-05-22T02:31:57.922813+00:00    181.196   2898.206   6165.299
2025-05-22T02:32:07.922813+00:00    208.803   2962.389   6134.008
2025-05-22T02:32:17.922813+00:00    236.385   3026.199   6101.945
2025-05-22T02:32:27.922813+00:00    263.936   3089.628   6069.113
2025-05-22T02:32:37.922813+00:00    291.455   3152.668   6035.517
2025-05-22T02:32:47.922813+00:00    318.937   3215.311   6001.161
2025-05-22T02:32:57.922813+00:00    346.378   3277.549   5966.050
2025-05-22T02:33:07.922813+00:00    373.776   3339.374   5930.188
2025-05-22T02:33:17.922813+00:00    401.127   3400.780   5893.579
2025-05-22T02:33:27.922813+00:00    428.427   3461.757   5856.228
2025-05-22T02:33:37.922813+00:00    455.674   3522.298   5818.141
2025-05-22T02:33:47.922813+00:00    482.863   3582.396   5779.321
2025-05-22T02:33:57.922813+00:00    509.991   3642.044   5739.774
2025-05-22T02:34:07.922813+00:00    537.056   3701.233   5699.504
2025-05-22T02:34:17.922813+00:00    564.052   3759.956   5658.518
2025-05-22T02:34:27.922813+00:00    590.978   3818.207   5616.820
2025-05-22T02:34:37.922813+00:00    617.829   3875.977   5574.415
2025-05-22T02:34:47.922813+00:00    644.603   3933.259   5531.309
2025-05-22T02:34:57.922813+00:00    671.295   3990.047   5487.507
2025-05-22T02:35:07.922813+00:00    697.903   4046.333   5443.015
2025-05-22T02:35:17.922813+00:00    724.424   4102.110   5397.838
2025-05-22T02:35:27.922813+00:00    750.853   4157.371   5351.983
2025-05-22T02:35:37.922813+00:00    777.188   4212.110   5305.454
2025-05-22T02:35:47.922813+00:00    803.425   4266.319   5258.259
2025-05-22T02:35:57.922813+00:00    829.561   4319.991   5210.403
2025-05-22T02:36:07.922813+00:00    855.593   4373.121   5161.891
2025-05-22T02:36:17.922813+00:00    881.517   4425.700   5112.731
2025-05-22T02:36:27.922813+00:00    907.331   4477.724   5062.928
2025-05-22T02:36:37.922813+00:00    933.030   4529.184   5012.489
2025-05-22T02:36:47.922813+00:00    958.612   4580.076   4961.420
2025-05-22T02:36:57.922813+00:00    984.074   4630.392   4909.727
2025-05-22T02:37:07.922813+00:00   1009.412   4680.126   4857.418
2025-05-22T02:37:17.922813+00:00   1034.623   4729.273   4804.498
2025-05-22T02:37:27.922813+00:00   1059.705   4777.825   4750.975
2025-05-22T02:37:37.922813+00:00   1084.653   4825.777   4696.855
2025-05-22T02:37:47.922813+00:00   1109.465   4873.122   4642.145
2025-05-22T02:37:57.922813+00:00   1134.137   4919.856   4586.852
2025-05-22T02:38:07.922813+00:00   1158.667   4965.972   4530.983
2025-05-22T02:38:17.922813+00:00   1183.052   5011.464   4474.545
2025-05-22T02:38:27.922813+00:00   1207.288   5056.328   4417.545
2025-05-22T02:38:37.922813+00:00   1231.373   5100.556   4359.990
2025-05-22T02:38:47.922813+00:00   1255.303   5144.144   4301.888
2025-05-22T02:38:57.922813+00:00   1279.075   5187.086   4243.247
2025-05-22T02:39:07.922813+00:00   1302.687   5229.377   4184.072
2025-05-22T02:39:17.922813+00:00   1326.135   5271.012   4124.373
2025-05-22T02:39:27.922813+00:00   1349.417   5311.986   4064.156
2025-05-22T02:39:37.922813+00:00   1372.530   5352.293   4003.429
2025-05-22T02:39:47.922813+00:00   1395.470   5391.928   3942.199
2025-05-22T02:39:57.922813+00:00   1418.236   5430.887   3880.475
2025-05-22T02:40:07.922813+00:00   1440.823   5469.164   3818.265
2025-05-22T02:40:17.922813+00:00   1463.230   5506.756   3755.575
2025-05-22T02:40:27.922813+00:00   1485.453   5543.657   3692.414
2025-05-22T02:40:37.922813+00:00   1507.490   5579.863   3628.790
2025-05-22T02:40:47.922813+00:00   1529.338   5615.368   3564.712
2025-05-22T02:40:57.922813+00:00   1550.994   5650.170   3500.186
2025-05-22T02:41:07.922813+00:00   1572.456   5684.264   3435.221
2025-05-22T02:41:17.922813+00:00   1593.720   5717.645   3369.826
2025-05-22T02:41:27.922813+00:00   1614.785   5750.309   3304.008
2025-05-22T02:41:37.922813+00:00   1635.647   5782.252   3237.776
2025-05-22T02:41:47.922813+00:00   1656.304   5813.471   3171.139
2025-05-22T02:41:57.922813+00:00   1676.754   5843.961   3104.103
2025-05-22T02:42:07.922813+00:00   1696.994   5873.719   3036.679
2025-05-22T02:42:17.922813+00:00   1717.021   5902.741   2968.875
2025-05-22T02:42:27.922813+00:00   1736.833   5931.023   2900.699
2025-05-22T02:42:37.922813+00:00   1756.427   5958.563   2832.159
2025-05-22T02:42:47.922813+00:00   1775.801   5985.356   2763.264
2025-05-22T02:42:57.922813+00:00   1794.953   6011.399   2694.024
2025-05-22T02:43:07.922813+00:00   1813.881   6036.690   2624.446
2025-05-22T02:43:17.922813+00:00   1832.581   6061.224   2554.539
2025-05-22T02:43:27.922813+00:00   1851.051   6085.000   2484.312
2025-05-22T02:43:37.922813+00:00   1869.290   6108.014   2413.775
2025-05-22T02:43:47.922813+00:00   1887.295   6130.263   2342.935
2025-05-22T02:43:57.922813+00:00   1905.063   6151.745   2271.802
2025-05-22T02:44:07.922813+00:00   1922.593   6172.457   2200.385
2025-05-22T02:44:17.922813+00:00   1939.883   6192.397   2128.692
2025-05-22T02:44:27.922813+00:00   1956.929   6211.561   2056.733
2025-05-22T02:44:37.922813+00:00   1973.731   6229.949   1984.517
2025-05-22T02:44:47.922813+00:00   1990.286   6247.557   1912.052
2025-05-22T02:44:57.922813+00:00   2006.592   6264.383   1839.348
2025-05-22T02:45:07.922813+00:00   2022.647   6280.425   1766.414
2025-05-22T02:45:17.922813+00:00   2038.449   6295.683   1693.259
2025-05-22T02:45:27.922813+00:00   2053.996   6310.152   1619.892
2025-05-22T02:45:37.922813+00:00   2069.286   6323.833   1546.323
2025-05-22T02:45:47.922813+00:00   2084.318   6336.723   1472.560
2025-05-22T02:45:57.922813+00:00   2099.088   6348.820   1398.613
2025-05-22T02:46:07.922813+00:00   2113.597   6360.124   1324.492
2025-05-22T02:46:17.922813+00:00   2127.841   6370.633   1250.204
2025-05-22T02:46:27.922813+00:00   2141.819   6380.345   1175.761
2025-05-22T02:46:37.922813+00:00   2155.529   6389.260   1101.170
2025-05-22T02:46:47.922813+00:00   2168.970   6397.377   1026.442
2025-05-22T02:46:57.922813+00:00   2182.141   6404.694    951.586
2025-05-22T02:47:07.922813+00:00   2195.038   6411.211    876.611
2025-05-22T02:47:17.922813+00:00   2207.661   6416.927    801.526
2025-05-22T02:47:27.922813+00:00   2220.008   6421.841    726.341
2025-05-22T02:47:37.922813+00:00   2232.078   6425.953    651.066
2025-05-22T02:47:47.922813+00:00   2243.870   6429.262    575.709
2025-05-22T02:47:57.922813+00:00   2255.381   6431.769    500.280
2025-05-22T02:48:07.922813+00:00   2266.610   6433.472    424.788
2025-05-22T02:48:17.922813+00:00   2277.556   6434.372    349.244
2025-05-22T02:48:27.922813+00:00   2288.218   6434.469    273.656
2025-05-22T02:48:37.922813+00:00   2298.595   6433.762    198.034
2025-05-22T02:48:47.922813+00:00   2308.684   6432.252    122.387
2025-05-22T02:48:57.922813+00:00   2318.485   6429.939     46.725
2025-05-22T02:49:07.922813+00:00   2327.997   6426.824    -28.943
2025-05-22T02:49:17.922813+00:00   2337.218   6422.906   -104.607
2025-05-22T02:49:27.922813+00:00   2346.148   6418.187   -180.259
2025-05-22T02:49:37.922813+00:00   2354.785   6412.667   -255.887
2025-05-22T02:49:47.922813+00:00   2363.128   6406.347   -331.484
2025-05-22T02:49:57.922813+00:00   2371.176   6399.228   -407.040
2025-05-22T02:50:07.922813+00:00   2378.928   6391.311   -482.545
2025-05-22T02:50:17.922813+00:00   2386.384   6382.596   -557.989
2025-05-22T02:50:27.922813+00:00   2393.542   6373.086   -633.364
2025-05-22T02:50:37.922813+00:00   2400.402   6362.780   -708.660
2025-05-22T02:50:47.922813+00:00   2406.962   6351.681   -783.868
2025-05-22T02:50:57.922813+00:00   2413.222   6339.790   -858.977
2025-05-22T02:51:07.922813+00:00   2419.181   6327.109   -933.980
2025-05-22T02:51:17.922813+00:00   2424.839   6313.639  -1008.867
2025-05-22T02:51:27.922813+00:00   2430.194   6299.382  -1083.627
2025-05-22T02:51:37.922813+00:00   2435.246   6284.339  -1158.253
2025-05-22T02:51:47.922813+00:00   2439.995   6268.513  -1232.734
2025-05-22T02:51:57.922813+00:00   2444.440   6251.906  -1307.061
2025-05-22T02:52:07.922813+00:00   2448.580   6234.520  -1381.226
2025-05-22T02:52:17.922813+00:00   2452.415   6216.357  -1455.218
2025-05-22T02:52:27.922813+00:00   2455.945   6197.420  -1529.029
2025-05-22T02:52:37.922813+00:00   2459.168   6177.710  -1602.650
2025-05-22T02:52:47.922813+00:00   2462.085   6157.231  -1676.071
2025-05-22T02:52:57.922813+00:00   2464.696   6135.985  -1749.283
2025-05-22T02:53:07.922813+00:00   2466.999   6113.974  -1822.278
2025-05-22T02:53:17.922813+00:00   2468.996   6091.202  -1895.045
2025-05-22T02:53:27.922813+00:00   2470.684   6067.672  -1967.576
2025-05-22T02:53:37.922813+00:00   2472.065   6043.386  -2039.863
2025-05-22T02:53:47.922813+00:00   2473.138   6018.347  -2111.895
2025-05-22T02:53:57.922813+00:00   2473.904   5992.559  -2183.665
2025-05-22T02:54:07.922813+00:00   2474.361   5966.025  -2255.162
2025-05-22T02:54:17.922813+00:00   2474.510   5938.748  -2326.379
2025-05-22T02:54:27.922813+00:00   2474.351   5910.732  -2397.306
2025-05-22T02:54:37.922813+00:00   2473.885   5881.980  -2467.935
2025-05-22T02:54:47.922813+00:00   2473.110   5852.496  -2538.257
2025-05-22T02:54:57.922813+00:00   2472.027   5822.284  -2608.262
2025-05-22T02:55:07.922813+00:00   2470.637   5791.347  -2677.943
2025-05-22T02:55:17.922813+00:00   2468.940   5759.689  -2747.291
2025-05-22T02:55:27.922813+00:00   2466.935   5727.315  -2816.297
2025-05-22T02:55:37.922813+00:00   2464.623   5694.228  -2884.953
2025-05-22T02:55:47.922813+00:00   2462.005   5660.433  -2953.250
2025-05-22T02:55:57.922813+00:00   2459.080   5625.933  -3021.179
2025-05-22T02:56:07.922813+00:00   2455.850   5590.734  -3088.732
2025-05-22T02:56:17.922813+00:00   2452.314   5554.839  -3155.902
2025-05-22T02:56:27.922813+00:00   2448.473   5518.254  -3222.678
2025-05-22T02:56:37.922813+00:00   2444.327   5480.982  -3289.054
2025-05-22T02:56:47.922813+00:00   2439.878   5443.028  -3355.021
2025-05-22T02:56:57.922813+00:00   2435.125   5404.398  -3420.571
2025-05-22T02:57:07.922813+00:00   2430.069   5365.095  -3485.695
2025-05-22T02:57:17.922813+00:00   2424.711   5325.126  -3550.386
2025-05-22T02:57:27.922813+00:00   2419.052   5284.494  -3614.636
2025-05-22T02:57:37.922813+00:00   2413.091   5243.205  -3678.436
2025-05-22T02:57:47.922813+00:00   2406.831   5201.265  -3741.779
2025-05-22T02:57:57.922813+00:00   2400.272   5158.678  -3804.656
2025-05-22T02:58:07.922813+00:00   2393.414   5115.450  -3867.061
2025-05-22T02:58:17.922813+00:00   2386.259   5071.585  -3928.985
2025-05-22T02:58:27.922813+00:00   2378.807   5027.091  -3990.421
2025-05-22T02:58:37.922813+00:00   2371.060   4981.972  -4051.361
2025-05-22T02:58:47.922813+00:00   2363.018   4936.233  -4111.797
2025-05-22T02:58:57.922813+00:00   2354.682   4889.881  -4171.722
2025-05-22T02:59:07.922813+00:00   2346.054   4842.922  -4231.129
2025-05-22T02:59:17.922813+00:00   2337.134   4795.360  -4290.010
2025-05-22T02:59:27.922813+00:00   2327.924   4747.203  -4348.359
2025-05-22T02:59:37.922813+00:00   2318.424   4698.456  -4406.166
2025-05-22T02:59:47.922813+00:00   2308.637   4649.126  -4463.427
2025-05-22T02:59:57.922813+00:00   2298.562   4599.217  -4520.133
2025-05-22T03:00:07.922813+00:00   2288.202   4548.738  -4576.277
2025-05-22T03:00:17.922813+00:00   2277.558   4497.693  -4631.853
2025-05-22T03:00:27.922813+00:00   2266.631   4446.090  -4686.854
2025-05-22T03:00:37.922813+00:00   2255.422   4393.934  -4741.272
2025-05-22T03:00:47.922813+00:00   2243.934   4341.233  -4795.101
2025-05-22T03:00:57.922813+00:00   2232.166   4287.992  -4848.335
2025-05-22T03:01:07.922813+00:00   2220.122   4234.219  -4900.967
2025-05-22T03:01:17.922813+00:00   2207.801   4179.920  -4952.990
2025-05-22T03:01:27.922813+00:00   2195.207   4125.102  -5004.398
2025-05-22T03:01:37.922813+00:00   2182.339   4069.772  -5055.185
2025-05-22T03:01:47.922813+00:00   2169.201   4013.936  -5105.344
2025-05-22T03:01:57.922813+00:00   2155.794   3957.602  -5154.869
2025-05-22T03:02:07.922813+00:00   2142.119   3900.776  -5203.753
2025-05-22T03:02:17.922813+00:00   2128.177   3843.466  -5251.992
2025-05-22T03:02:27.922813+00:00   2113.972   3785.679  -5299.579
2025-05-22T03:02:37.922813+00:00   2099.504   3727.422  -5346.507
2025-05-22T03:02:47.922813+00:00   2084.775   3668.702  -5392.772
2025-05-22T03:02:57.922813+00:00   2069.788   3609.527  -5438.367
2025-05-22T03:03:07.922813+00:00   2054.544   3549.903  -5483.287
2025-05-22T03:03:17.922813+00:00   2039.044   3489.839  -5527.527
2025-05-22T03:03:27.922813+00:00   2023.292   3429.342  -5571.080
2025-05-22T03:03:37.922813+00:00   2007.288   3368.419  -5613.942
2025-05-22T03:03:47.922813+00:00   1991.035   3307.077  -5656.107
2025-05-22T03:03:57.922813+00:00   1974.535   3245.326  -5697.569
2025-05-22T03:04:07.922813+00:00   1957.790   3183.171  -5738.325
2025-05-22T03:04:17.922813+00:00   1940.802   3120.621  -5778.368
2025-05-22T03:04:27.922813+00:00   1923.573   3057.684  -5817.694
2025-05-22T03:04:37.922813+00:00   1906.105   2994.368  -5856.298
2025-05-22T03:04:47.922813+00:00   1888.401   2930.680  -5894.175
2025-05-22T03:04:57.922813+00:00   1870.462   2866.628  -5931.320
2025-05-22T03:05:07.922813+00:00   1852.291   2802.220  -5967.730
2025-05-22T03:05:17.922813+00:00   1833.891   2737.464  -6003.398
2025-05-22T03:05:27.922813+00:00   1815.262   2672.369  -6038.322
2025-05-22T03:05:37.922813+00:00   1796.409   2606.942  -6072.496
2025-05-22T03:05:47.922813+00:00   1777.332   2541.192  -6105.917
2025-05-22T03:05:57.922813+00:00   1758.035   2475.126  -6138.579
2025-05-22T03:06:07.922813+00:00   1738.520   2408.753  -6170.480
2025-05-22T03:06:17.922813+00:00   1718.788   2342.081  -6201.615
2025-05-22T03:06:27.922813+00:00   1698.844   2275.118  -6231.981
2025-05-22T03:06:37.922813+00:00   1678.689   2207.873  -6261.573
2025-05-22T03:06:47.922813+00:00   1658.325   2140.354  -6290.388
2025-05-22T03:06:57.922813+00:00   1637.756   2072.570  -6318.422
2025-05-22T03:07:07.922813+00:00   1616.983   2004.528  -6345.673
2025-05-22T03:07:17.922813+00:00   1596.010   1936.237  -6372.136
2025-05-22T03:07:27.922813+00:00   1574.839   1867.707  -6397.808
2025-05-22T03:07:37.922813+00:00   1553.472   1798.944  -6422.686
2025-05-22T03:07:47.922813+00:00   1531.912   1729.958  -6446.767
2025-05-22T03:07:57.922813+00:00   1510.163   1660.758  -6470.048
2025-05-22T03:08:07.922813+00:00   1488.225   1591.351  -6492.526
2025-05-22T03:08:17.922813+00:00   1466.104   1521.747  -6514.198
2025-05-22T03:08:27.922813+00:00   1443.800   1451.954  -6535.062
2025-05-22T03:08:37.922813+00:00   1421.317   1381.981  -6555.115
2025-05-22T03:08:47.922813+00:00   1398.658   1311.836  -6574.354
2025-05-22T03:08:57.922813+00:00   1375.825   1241.529  -6592.778
2025-05-22T03:09:07.922813+00:00   1352.821   1171.067  -6610.383
2025-05-22T03:09:17.922813+00:00   1329.650   1100.460  -6627.168
2025-05-22T03:09:27.922813+00:00   1306.313   1029.717  -6643.130
2025-05-22T03:09:37.922813+00:00   1282.815    958.845  -6658.268
2025-05-22T03:09:47.922813+00:00   1259.157    887.855  -6672.580
2025-05-22T03:09:57.922813+00:00   1235.343    816.755  -6686.063
2025-05-22T03:10:07.922813+00:00   1211.375    745.553  -6698.717
2025-05-22T03:10:17.922813+00:00   1187.257    674.258  -6710.539
2025-05-22T03:10:27.922813+00:00   1162.992    602.880  -6721.528
2025-05-22T03:10:37.922813+00:00   1138.583    531.427  -6731.683
2025-05-22T03:10:47.922813+00:00   1114.032    459.909  -6741.003
2025-05-22T03:10:57.922813+00:00   1089.343    388.333  -6749.486
2025-05-22T03:11:07.922813+00:00   1064.518    316.709  -6757.130
2025-05-22T03:11:17.922813+00:00   1039.562    245.045  -6763.937
2025-05-22T03:11:27.922813+00:00   1014.476    173.351  -6769.903
2025-05-22T03:11:37.922813+00:00    989.265    101.636  -6775.029
2025-05-22T03:11:47.922813+00:00    963.931     29.908  -6779.314
2025-05-22T03:11:57.922813+00:00    938.477    -41.824  -6782.758
2025-05-22T03:12:07.922813+00:00    912.906   -113.550  -6785.359
2025-05-22T03:12:17.922813+00:00    887.222   -185.263  -6787.118
2025-05-22T03:12:27.922813+00:00    861.428   -256.952  -6788.034
2025-05-22T03:12:37.922813+00:00    835.528   -328.610  -6788.108
2025-05-22T03:12:47.922813+00:00    809.523   -400.227  -6787.339
2025-05-22T03:12:57.922813+00:00    783.418   -471.794  -6785.727
2025-05-22T03:13:07.922813+00:00    757.215   -543.302  -6783.272
2025-05-22T03:13:17.922813+00:00    730.919   -614.743  -6779.975
2025-05-22T03:13:27.922813+00:00    704.532   -686.108  -6775.836
2025-05-22T03:13:37.922813+00:00    678.057   -757.387  -6770.856
2025-05-22T03:13:47.922813+00:00    651.498   -828.572  -6765.035
2025-05-22T03:13:57.922813+00:00    624.858   -899.655  -6758.373
2025-05-22T03:14:07.922813+00:00    598.141   -970.626  -6750.873
2025-05-22T03:14:17.922813+00:00    571.349  -1041.476  -6742.533
2025-05-22T03:14:27.922813+00:00    544.486  -1112.197  -6733.357
2025-05-22T03:14:37.922813+00:00    517.556  -1182.779  -6723.344
2025-05-22T03:14:47.922813+00:00    490.561  -1253.215  -6712.495
2025-05-22T03:14:57.922813+00:00    463.506  -1323.495  -6700.813
2025-05-22T03:15:07.922813+00:00    436.393  -1393.611  -6688.299
2025-05-22T03:15:17.922813+00:00    409.225  -1463.553  -6674.953
2025-05-22T03:15:27.922813+00:00    382.007  -1533.314  -6660.778
2025-05-22T03:15:37.922813+00:00    354.742  -1602.884  -6645.776
2025-05-22T03:15:47.922813+00:00    327.432  -1672.255  -6629.948
2025-05-22T03:15:57.922813+00:00    300.081  -1741.418  -6613.296
2025-05-22T03:16:07.922813+00:00    272.694  -1810.365  -6595.822
2025-05-22T03:16:17.922813+00:00    245.272  -1879.087  -6577.529
2025-05-22T03:16:27.922813+00:00    217.820  -1947.575  -6558.418
2025-05-22T03:16:37.922813+00:00    190.341  -2015.822  -6538.492
2025-05-22T03:16:47.922813+00:00    162.838  -2083.817  -6517.753
2025-05-22T03:16:57.922813+00:00    135.315  -2151.554  -6496.204
2025-05-22T03:17:07.922813+00:00    107.775  -2219.023  -6473.848
2025-05-22T03:17:17.922813+00:00     80.222  -2286.217  -6450.687
2025-05-22T03:17:27.922813+00:00     52.659  -2353.126  -6426.724
2025-05-22T03:17:37.922813+00:00     25.089  -2419.742  -6401.961
2025-05-22T03:17:47.922813+00:00     -2.484  -2486.058  -6376.403
2025-05-22T03:17:57.922813+00:00    -30.057  -2552.065  -6350.052
2025-05-22T03:18:07.922813+00:00    -57.626  -2617.754  -6322.912
2025-05-22T03:18:17.922813+00:00    -85.187  -2683.118  -6294.985
2025-05-22T03:18:27.922813+00:00   -112.738  -2748.148  -6266.275
2025-05-22T03:18:37.922813+00:00   -140.275  -2812.836  -6236.786
2025-05-22T03:18:47.922813+00:00   -167.795  -2877.174  -6206.521
2025-05-22T03:18:57.922813+00:00   -195.294  -2941.155  -6175.484
2025-05-22T03:19:07.922813+00:00   -222.768  -3004.769  -6143.678
2025-05-22T03:19:17.922813+00:00   -250.215  -3068.010  -6111.109
2025-05-22T03:19:27.922813+00:00   -277.631  -3130.869  -6077.779
2025-05-22T03:19:37.922813+00:00   -305.012  -3193.339  -6043.693
2025-05-22T03:19:47.922813+00:00   -332.355  -3255.411  -6008.855
2025-05-22T03:19:57.922813+00:00   -359.657  -3317.078  -5973.269
2025-05-22T03:20:07.922813+00:00   -386.914  -3378.332  -5936.940
2025-05-22T03:20:17.922813+00:00   -414.122  -3439.166  -5899.872
2025-05-22T03:20:27.922813+00:00   -441.280  -3499.571  -5862.069
2025-05-22T03:20:37.922813+00:00   -468.382  -3559.542  -5823.537
2025-05-22T03:20:47.922813+00:00   -495.426  -3619.069  -5784.280
2025-05-22T03:20:57.922813+00:00   -522.409  -3678.145  -5744.303
2025-05-22T03:21:07.922813+00:00   -549.326  -3736.763  -5703.611
2025-05-22T03:21:17.922813+00:00   -576.175  -3794.917  -5662.208
2025-05-22T03:21:27.922813+00:00   -602.952  -3852.597  -5620.101
2025-05-22T03:21:37.922813+00:00   -629.654  -3909.798  -5577.293
2025-05-22T03:21:47.922813+00:00   -656.278  -3966.512  -5533.791
2025-05-22T03:21:57.922813+00:00   -682.820  -4022.732  -5489.600
2025-05-22T03:22:07.922813+00:00   -709.277  -4078.451  -5444.724
2025-05-22T03:22:17.922813+00:00   -735.645  -4133.662  -5399.171
2025-05-22T03:22:27.922813+00:00   -761.922  -4188.358  -5352.945
2025-05-22T03:22:37.922813+00:00   -788.104  -4242.532  -5306.052
2025-05-22T03:22:47.922813+00:00   -814.188  -4296.177  -5258.498
2025-05-22T03:22:57.922813+00:00   -840.170  -4349.287  -5210.289
2025-05-22T03:23:07.922813+00:00   -866.048  -4401.855  -5161.430
2025-05-22T03:23:17.922813+00:00   -891.818  -4453.874  -5111.928
2025-05-22T03:23:27.922813+00:00   -917.476  -4505.339  -5061.789
2025-05-22T03:23:37.922813+00:00   -943.020  -4556.241  -5011.019
2025-05-22T03:23:47.922813+00:00   -968.447  -4606.576  -4959.624
2025-05-22T03:23:57.922813+00:00   -993.753  -4656.336  -4907.611
2025-05-22T03:24:07.922813+00:00  -1018.935  -4705.516  -4854.986
2025-05-22T03:24:17.922813+00:00  -1043.990  -4754.109  -4801.756
2025-05-22T03:24:27.922813+00:00  -1068.914  -4802.109  -4747.926
2025-05-22T03:24:37.922813+00:00  -1093.706  -4849.510  -4693.505
2025-05-22T03:24:47.922813+00:00  -1118.361  -4896.307  -4638.498
2025-05-22T03:24:57.922813+00:00  -1142.876  -4942.492  -4582.913
2025-05-22T03:25:07.922813+00:00  -1167.249  -4988.061  -4526.756
2025-05-22T03:25:17.922813+00:00  -1191.476  -5033.008  -4470.034
2025-05-22T03:25:27.922813+00:00  -1215.555  -5077.327  -4412.755
2025-05-22T03:25:37.922813+00:00  -1239.482  -5121.012  -4354.925
2025-05-22T03:25:47.922813+00:00  -1263.254  -5164.058  -4296.551
2025-05-22T03:25:57.922813+00:00  -1286.869  -5206.460  -4237.641
2025-05-22T03:26:07.922813+00:00  -1310.323  -5248.212  -4178.202
2025-05-22T03:26:17.922813+00:00  -1333.613  -5289.309  -4118.242
2025-05-22T03:26:27.922813+00:00  -1356.737  -5329.745  -4057.768
2025-05-22T03:26:37.922813+00:00  -1379.692  -5369.516  -3996.787
2025-05-22T03:26:47.922813+00:00  -1402.474  -5408.617  -3935.306
2025-05-22T03:26:57.922813+00:00  -1425.081  -5447.042  -3873.335
2025-05-22T03:27:07.922813+00:00  -1447.510  -5484.787  -3810.880
2025-05-22T03:27:17.922813+00:00  -1469.759  -5521.847  -3747.949
2025-05-22T03:27:27.922813+00:00  -1491.824  -5558.217  -3684.549
2025-05-22T03:27:37.922813+00:00  -1513.702  -5593.893  -3620.690
2025-05-22T03:27:47.922813+00:00  -1535.391  -5628.870  -3556.378
2025-05-22T03:27:57.922813+00:00  -1556.889  -5663.143  -3491.622
2025-05-22T03:28:07.922813+00:00  -1578.192  -5696.709  -3426.429
2025-05-22T03:28:17.922813+00:00  -1599.298  -5729.564  -3360.808
2025-05-22T03:28:27.922813+00:00  -1620.204  -5761.702  -3294.768
2025-05-22T03:28:37.922813+00:00  -1640.907  -5793.120  -3228.315
2025-05-22T03:28:47.922813+00:00  -1661.405  -5823.814  -3161.459
2025-05-22T03:28:57.922813+00:00  -1681.696  -5853.780  -3094.208
2025-05-22T03:29:07.922813+00:00  -1701.776  -5883.014  -3026.570
2025-05-22T03:29:17.922813+00:00  -1721.644  -5911.512  -2958.553
2025-05-22T03:29:27.922813+00:00  -1741.296  -5939.271  -2890.167
2025-05-22T03:29:37.922813+00:00  -1760.730  -5966.288  -2821.419
2025-05-22T03:29:47.922813+00:00  -1779.945  -5992.558  -2752.318
2025-05-22T03:29:57.922813+00:00  -1798.936  -6018.079  -2682.873
2025-05-22T03:30:07.922813+00:00  -1817.703  -6042.846  -2613.092
2025-05-22T03:30:17.922813+00:00  -1836.242  -6066.858  -2542.984
2025-05-22T03:30:27.922813+00:00  -1854.552  -6090.111  -2472.559
2025-05-22T03:30:37.922813+00:00  -1872.629  -6112.602  -2401.823
2025-05-22T03:30:47.922813+00:00  -1890.472  -6134.327  -2330.788
2025-05-22T03:30:57.922813+00:00  -1908.078  -6155.285  -2259.460
2025-05-22T03:31:07.922813+00:00  -1925.446  -6175.473  -2187.850
2025-05-22T03:31:17.922813+00:00  -1942.573  -6194.888  -2115.966
2025-05-22T03:31:27.922813+00:00  -1959.456  -6213.527  -2043.817
2025-05-22T03:31:37.922813+00:00  -1976.094  -6231.388  -1971.412
2025-05-22T03:31:47.922813+00:00  -1992.485  -6248.468  -1898.760
2025-05-22T03:31:57.922813+00:00  -2008.626  -6264.767  -1825.870
2025-05-22T03:32:07.922813+00:00  -2024.515  -6280.281  -1752.752
2025-05-22T03:32:17.922813+00:00  -2040.151  -6295.008  -1679.414
2025-05-22T03:32:27.922813+00:00  -2055.532  -6308.946  -1605.866
2025-05-22T03:32:37.922813+00:00  -2070.655  -6322.095  -1532.117
2025-05-22T03:32:47.922813+00:00  -2085.518  -6334.451  -1458.176
2025-05-22T03:32:57.922813+00:00  -2100.121  -6346.013  -1384.052
2025-05-22T03:33:07.922813+00:00  -2114.460  -6356.781  -1309.754
2025-05-22T03:33:17.922813+00:00  -2128.534  -6366.751  -1235.293
2025-05-22T03:33:27.922813+00:00  -2142.341  -6375.924  -1160.677
2025-05-22T03:33:37.922813+00:00  -2155.880  -6384.298  -1085.915
2025-05-22T03:33:47.922813+00:00  -2169.148  -6391.871  -1011.017
2025-05-22T03:33:57.922813+00:00  -2182.145  -6398.643   -935.992
2025-05-22T03:34:07.922813+00:00  -2194.868  -6404.612   -860.850
2025-05-22T03:34:17.922813+00:00  -2207.315  -6409.779   -785.600
2025-05-22T03:34:27.922813+00:00  -2219.486  -6414.142   -710.251
2025-05-22T03:34:37.922813+00:00  -2231.379  -6417.700   -634.814
2025-05-22T03:34:47.922813+00:00  -2242.992  -6420.453   -559.297
2025-05-22T03:34:57.922813+00:00  -2254.323  -6422.401   -483.709
2025-05-22T03:35:07.922813+00:00  -2265.372  -6423.544   -408.061
2025-05-22T03:35:17.922813+00:00  -2276.136  -6423.880   -332.362
2025-05-22T03:35:27.922813+00:00  -2286.615  -6423.410   -256.621
2025-05-22T03:35:37.922813+00:00  -2296.807  -6422.135   -180.848
2025-05-22T03:35:47.922813+00:00  -2306.710  -6420.053   -105.052
2025-05-22T03:35:57.922813+00:00  -2316.324  -6417.166    -29.243
2025-05-22T03:36:07.922813+00:00  -2325.647  -6413.473     46.570
2025-05-22T03:36:17.922813+00:00  -2334.679  -6408.975    122.377
2025-05-22T03:36:27.922813+00:00  -2343.417  -6403.672    198.168
2025-05-22T03:36:37.922813+00:00  -2351.861  -6397.566    273.935
2025-05-22T03:36:47.922813+00:00  -2360.010  -6390.656    349.667
2025-05-22T03:36:57.922813+00:00  -2367.862  -6382.944    425.355
2025-05-22T03:37:07.922813+00:00  -2375.417  -6374.430    500.990
2025-05-22T03:37:17.922813+00:00  -2382.674  -6365.115    576.562
2025-05-22T03:37:27.922813+00:00  -2389.631  -6355.001    652.062
2025-05-22T03:37:37.922813+00:00  -2396.289  -6344.089    727.479
2025-05-22T03:37:47.922813+00:00  -2402.645  -6332.380    802.806
2025-05-22T03:37:57.922813+00:00  -2408.699  -6319.875    878.031
2025-05-22T03:38:07.922813+00:00  -2414.451  -6306.576    953.146
2025-05-22T03:38:17.922813+00:00  -2419.899  -6292.484   1028.141
2025-05-22T03:38:27.922813+00:00  -2425.043  -6277.602   1103.007
2025-05-22T03:38:37.922813+00:00  -2429.883  -6261.931   1177.735
2025-05-22T03:38:47.922813+00:00  -2434.417  -6245.473   1252.314
2025-05-22T03:38:57.922813+00:00  -2438.645  -6228.229   1326.736
2025-05-22T03:39:07.922813+00:00  -2442.566  -6210.203   1400.991
2025-05-22T03:39:17.922813+00:00  -2446.180  -6191.396   1475.071
2025-05-22T03:39:27.922813+00:00  -2449.487  -6171.810   1548.964
2025-05-22T03:39:37.922813+00:00  -2452.486  -6151.448   1622.663
2025-05-22T03:39:47.922813+00:00  -2455.176  -6130.313   1696.158
2025-05-22T03:39:57.922813+00:00  -2457.557  -6108.407   1769.439
2025-05-22T03:40:07.922813+00:00  -2459.630  -6085.732   1842.498
2025-05-22T03:40:17.922813+00:00  -2461.393  -6062.292   1915.325
2025-05-22T03:40:27.922813+00:00  -2462.846  -6038.090   1987.912
2025-05-22T03:40:37.922813+00:00  -2463.990  -6013.128   2060.248
2025-05-22T03:40:47.922813+00:00  -2464.823  -5987.409   2132.325
2025-05-22T03:40:57.922813+00:00  -2465.347  -5960.937   2204.133
2025-05-22T03:41:07.922813+00:00  -2465.560  -5933.715   2275.665
2025-05-22T03:41:17.922813+00:00  -2465.463  -5905.746   2346.909
2025-05-22T03:41:27.922813+00:00  -2465.056  -5877.034   2417.859
2025-05-22T03:41:37.922813+00:00  -2464.338  -5847.582   2488.504
2025-05-22T03:41:47.922813+00:00  -2463.311  -5817.394   2558.836
2025-05-22T03:41:57.922813+00:00  -2461.973  -5786.474   2628.846
2025-05-22T03:42:07.922813+00:00  -2460.325  -5754.826   2698.525
2025-05-22T03:42:17.922813+00:00  -2458.367  -5722.453   2767.864
2025-05-22T03:42:27.922813+00:00  -2456.100  -5689.359   2836.855
2025-05-22T03:42:37.922813+00:00  -2453.524  -5655.549   2905.489
2025-05-22T03:42:47.922813+00:00  -2450.639  -5621.027   2973.756
2025-05-22T03:42:57.922813+00:00  -2447.445  -5585.797   3041.650
2025-05-22T03:43:07.922813+00:00  -2443.943  -5549.864   3109.160
2025-05-22T03:43:17.922813+00:00  -2440.133  -5513.232   3176.278
2025-05-22T03:43:27.922813+00:00  -2436.016  -5475.905   3242.997
2025-05-22T03:43:37.922813+00:00  -2431.592  -5437.889   3309.307
2025-05-22T03:43:47.922813+00:00  -2426.862  -5399.187   3375.200
2025-05-22T03:43:57.922813+00:00  -2421.826  -5359.805   3440.668
2025-05-22T03:44:07.922813+00:00  -2416.484  -5319.748   3505.703
2025-05-22T03:44:17.922813+00:00  -2410.839  -5279.021   3570.295
2025-05-22T03:44:27.922813+00:00  -2404.889  -5237.629   3634.438
2025-05-22T03:44:37.922813+00:00  -2398.637  -5195.577   3698.123
2025-05-22T03:44:47.922813+00:00  -2392.082  -5152.870   3761.342
2025-05-22T03:44:57.922813+00:00  -2385.226  -5109.513   3824.087
2025-05-22T03:45:07.922813+00:00  -2378.069  -5065.513   3886.350
2025-05-22T03:45:17.922813+00:00  -2370.613  -5020.874   3948.123
2025-05-22T03:45:27.922813+00:00  -2362.857  -4975.602   4009.399
2025-05-22T03:45:37.922813+00:00  -2354.804  -4929.703   4070.169
2025-05-22T03:45:47.922813+00:00  -2346.454  -4883.183   4130.426
2025-05-22T03:45:57.922813+00:00  -2337.808  -4836.047   4190.162
2025-05-22T03:46:07.922813+00:00  -2328.868  -4788.302   4249.370
2025-05-22T03:46:17.922813+00:00  -2319.634  -4739.952   4308.042
2025-05-22T03:46:27.922813+00:00  -2310.107  -4691.005   4366.172
2025-05-22T03:46:37.922813+00:00  -2300.289  -4641.467   4423.750
2025-05-22T03:46:47.922813+00:00  -2290.181  -4591.343   4480.771
2025-05-22T03:46:57.922813+00:00  -2279.784  -4540.641   4537.227
2025-05-22T03:47:07.922813+00:00  -2269.100  -4489.366   4593.110
2025-05-22T03:47:17.922813+00:00  -2258.130  -4437.524   4648.415
2025-05-22T03:47:27.922813+00:00  -2246.874  -4385.123   4703.133
2025-05-22T03:47:37.922813+00:00  -2235.336  -4332.169   4757.258
2025-05-22T03:47:47.922813+00:00  -2223.515  -4278.669   4810.783
2025-05-22T03:47:57.922813+00:00  -2211.414  -4224.628   4863.701
2025-05-22T03:48:07.922813+00:00  -2199.034  -4170.055   4916.005
2025-05-22T03:48:17.922813+00:00  -2186.377  -4114.956   4967.690
2025-05-22T03:48:27.922813+00:00  -2173.444  -4059.338   5018.748
2025-05-22T03:48:37.922813+00:00  -2160.237  -4003.208   5069.172
2025-05-22T03:48:47.922813+00:00  -2146.757  -3946.572   5118.958
2025-05-22T03:48:57.922813+00:00  -2133.006  -3889.439   5168.097
2025-05-22T03:49:07.922813+00:00  -2118.986  -3831.815   5216.584
2025-05-22T03:49:17.922813+00:00  -2104.699  -3773.708   5264.413
2025-05-22T03:49:27.922813+00:00  -2090.146  -3715.124   5311.578
2025-05-22T03:49:37.922813+00:00  -2075.330  -3656.072   5358.073
2025-05-22T03:49:47.922813+00:00  -2060.252  -3596.558   5403.892
2025-05-22T03:49:57.922813+00:00  -2044.913  -3536.591   5449.028
2025-05-22T03:50:07.922813+00:00  -2029.317  -3476.177   5493.477
2025-05-22T03:50:17.922813+00:00  -2013.465  -3415.324   5537.233
2025-05-22T03:50:27.922813+00:00  -1997.358  -3354.041   5580.290
2025-05-22T03:50:37.922813+00:00  -1981.000  -3292.334   5622.643
2025-05-22T03:50:47.922813+00:00  -1964.391  -3230.212   5664.287
2025-05-22T03:50:57.922813+00:00  -1947.535  -3167.682   5705.215
2025-05-22T03:51:07.922813+00:00  -1930.432  -3104.753   5745.423
2025-05-22T03:51:17.922813+00:00  -1913.086  -3041.431   5784.907
2025-05-22T03:51:27.922813+00:00  -1895.499  -2977.726   5823.660
2025-05-22T03:51:37.922813+00:00  -1877.672  -2913.644   5861.678
2025-05-22T03:51:47.922813+00:00  -1859.609  -2849.195   5898.956
2025-05-22T03:51:57.922813+00:00  -1841.310  -2784.387   5935.490
2025-05-22T03:52:07.922813+00:00  -1822.780  -2719.227   5971.274
2025-05-22T03:52:17.922813+00:00  -1804.019  -2653.723   6006.305
2025-05-22T03:52:27.922813+00:00  -1785.030  -2587.885   6040.578
2025-05-22T03:52:37.922813+00:00  -1765.816  -2521.720   6074.088
2025-05-22T03:52:47.922813+00:00  -1746.380  -2455.237   6106.831
2025-05-22T03:52:57.922813+00:00  -1726.722  -2388.444   6138.804
2025-05-22T03:53:07.922813+00:00  -1706.847  -2321.349   6170.001
2025-05-22T03:53:17.922813+00:00  -1686.757  -2253.962   6200.420
2025-05-22T03:53:27.922813+00:00  -1666.453  -2186.290   6230.056
2025-05-22T03:53:37.922813+00:00  -1645.939  -2118.341   6258.906
2025-05-22T03:53:47.922813+00:00  -1625.218  -2050.126   6286.966
2025-05-22T03:53:57.922813+00:00  -1604.291  -1981.651   6314.232
2025-05-22T03:54:07.922813+00:00  -1583.161  -1912.927   6340.701
2025-05-22T03:54:17.922813+00:00  -1561.832  -1843.961   6366.369
2025-05-22T03:54:27.922813+00:00  -1540.306  -1774.762   6391.234
2025-05-22T03:54:37.922813+00:00  -1518.585  -1705.339   6415.292
2025-05-22T03:54:47.922813+00:00  -1496.673  -1635.701   6438.541
2025-05-22T03:54:57.922813+00:00  -1474.571  -1565.857   6460.976
2025-05-22T03:55:07.922813+00:00  -1452.284  -1495.815   6482.596
2025-05-22T03:55:17.922813+00:00  -1429.813  -1425.584   6503.398
2025-05-22T03:55:27.922813+00:00  -1407.161  -1355.173   6523.379
2025-05-22T03:55:37.922813+00:00  -1384.333  -1284.591   6542.536
2025-05-22T03:55:47.922813+00:00  -1361.329  -1213.847   6560.867
2025-05-22T03:55:57.922813+00:00  -1338.153  -1142.949   6578.370
2025-05-22T03:56:07.922813+00:00  -1314.809  -1071.907   6595.043
2025-05-22T03:56:17.922813+00:00  -1291.298  -1000.730   6610.884
2025-05-22T03:56:27.922813+00:00  -1267.625   -929.427   6625.890
2025-05-22T03:56:37.922813+00:00  -1243.791   -858.007   6640.059
2025-05-22T03:56:47.922813+00:00  -1219.801   -786.478   6653.391
2025-05-22T03:56:57.922813+00:00  -1195.657   -714.850   6665.883
2025-05-22T03:57:07.922813+00:00  -1171.361   -643.131   6677.533
2025-05-22T03:57:17.922813+00:00  -1146.918   -571.332   6688.341
2025-05-22T03:57:27.922813+00:00  -1122.330   -499.460   6698.304
2025-05-22T03:57:37.922813+00:00  -1097.601   -427.525   6707.422
2025-05-22T03:57:47.922813+00:00  -1072.733   -355.537   6715.694
2025-05-22T03:57:57.922813+00:00  -1047.729   -283.503   6723.118
2025-05-22T03:58:07.922813+00:00  -1022.594   -211.434   6729.693
2025-05-22T03:58:17.922813+00:00   -997.329   -139.338   6735.420
2025-05-22T03:58:27.922813+00:00   -971.938    -67.224   6740.296
2025-05-22T03:58:37.922813+00:00   -946.425      4.898   6744.322
2025-05-22T03:58:47.922813+00:00   -920.793     77.019   6747.497
2025-05-22T03:58:57.922813+00:00   -895.044    149.131   6749.820
2025-05-22T03:59:07.922813+00:00   -869.182    221.224   6751.292
2025-05-22T03:59:17.922813+00:00   -843.211    293.289   6751.911
2025-05-22T03:59:27.922813+00:00   -817.133    365.317   6751.679
2025-05-22T03:59:37.922813+00:00   -790.952    437.299   6750.595
2025-05-22T03:59:47.922813+00:00   -764.671    509.226   6748.660
2025-05-22T03:59:57.922813+00:00   -738.294    581.088   6745.873
2025-05-22T04:00:07.922813+00:00   -711.824    652.877   6742.235
2025-05-22T04:00:17.922813+00:00   -685.264    724.584   6737.746
2025-05-22T04:00:27.922813+00:00   -658.617    796.199   6732.408
2025-05-22T04:00:37.922813+00:00   -631.887    867.714   6726.220
2025-05-22T04:00:47.922813+00:00   -605.078    939.120   6719.184
2025-05-22T04:00:57.922813+00:00   -578.192   1010.407   6711.300
2025-05-22T04:01:07.922813+00:00   -551.234   1081.567   6702.570
2025-05-22T04:01:17.922813+00:00   -524.206   1152.590   6692.994
2025-05-22T04:01:27.922813+00:00   -497.111   1223.468   6682.575
2025-05-22T04:01:37.922813+00:00   -469.955   1294.191   6671.313
2025-05-22T04:01:47.922813+00:00   -442.738   1364.752   6659.209
2025-05-22T04:01:57.922813+00:00   -415.466   1435.140   6646.266
2025-05-22T04:02:07.922813+00:00   -388.142   1505.347   6632.485
2025-05-22T04:02:17.922813+00:00   -360.769   1575.365   6617.867
2025-05-22T04:02:27.922813+00:00   -333.350   1645.184   6602.415
2025-05-22T04:02:37.922813+00:00   -305.889   1714.795   6586.131
2025-05-22T04:02:47.922813+00:00   -278.390   1784.191   6569.016
2025-05-22T04:02:57.922813+00:00   -250.855   1853.361   6551.074
2025-05-22T04:03:07.922813+00:00   -223.289   1922.298   6532.305
2025-05-22T04:03:17.922813+00:00   -195.695   1990.992   6512.713
2025-05-22T04:03:27.922813+00:00   -168.076   2059.436   6492.301
2025-05-22T04:03:37.922813+00:00   -140.436   2127.620   6471.070
2025-05-22T04:03:47.922813+00:00   -112.778   2195.536   6449.023
2025-05-22T04:03:57.922813+00:00    -85.106   2263.175   6426.164
2025-05-22T04:04:07.922813+00:00    -57.423   2330.529   6402.495
2025-05-22T04:04:17.922813+00:00    -29.733   2397.589   6378.019
2025-05-22T04:04:27.922813+00:00     -2.040   2464.348   6352.740
2025-05-22T04:04:37.922813+00:00     25.654   2530.795   6326.661
2025-05-22T04:04:47.922813+00:00     53.345   2596.924   6299.784
2025-05-22T04:04:57.922813+00:00     81.029   2662.726   6272.114
2025-05-22T04:05:07.922813+00:00    108.703   2728.192   6243.653
2025-05-22T04:05:17.922813+00:00    136.363   2793.315   6214.407
2025-05-22T04:05:27.922813+00:00    164.006   2858.086   6184.377
2025-05-22T04:05:37.922813+00:00    191.628   2922.497   6153.569
2025-05-22T04:05:47.922813+00:00    219.227   2986.540   6121.986
2025-05-22T04:05:57.922813+00:00    246.797   3050.207   6089.631
2025-05-22T04:06:07.922813+00:00    274.337   3113.490   6056.510
2025-05-22T04:06:17.922813+00:00    301.841   3176.381   6022.627
2025-05-22T04:06:27.922813+00:00    329.308   3238.871   5987.985
2025-05-22T04:06:37.922813+00:00    356.734   3300.955   5952.590
2025-05-22T04:06:47.922813+00:00    384.114   3362.622   5916.445
2025-05-22T04:06:57.922813+00:00    411.447   3423.867   5879.555
2025-05-22T04:07:07.922813+00:00    438.727   3484.680   5841.926
2025-05-22T04:07:17.922813+00:00    465.952   3545.055   5803.561
2025-05-22T04:07:27.922813+00:00    493.119   3604.984   5764.466
2025-05-22T04:07:37.922813+00:00    520.224   3664.459   5724.645
2025-05-22T04:07:47.922813+00:00    547.263   3723.473   5684.104
2025-05-22T04:07:57.922813+00:00    574.233   3782.018   5642.848
2025-05-22T04:08:07.922813+00:00    601.131   3840.088   5600.882
2025-05-22T04:08:17.922813+00:00    627.953   3897.675   5558.212
2025-05-22T04:08:27.922813+00:00    654.697   3954.771   5514.842
2025-05-22T04:08:37.922813+00:00    681.358   4011.370   5470.779
2025-05-22T04:08:47.922813+00:00    707.933   4067.465   5426.028
2025-05-22T04:08:57.922813+00:00    734.419   4123.048   5380.594
2025-05-22T04:09:07.922813+00:00    760.813   4178.112   5334.484
2025-05-22T04:09:17.922813+00:00    787.111   4232.652   5287.703
2025-05-22T04:09:27.922813+00:00    813.311   4286.659   5240.257
2025-05-22T04:09:37.922813+00:00    839.408   4340.127   5192.152
2025-05-22T04:09:47.922813+00:00    865.399   4393.049   5143.395
2025-05-22T04:09:57.922813+00:00    891.282   4445.420   5093.991
2025-05-22T04:10:07.922813+00:00    917.053   4497.231   5043.947
2025-05-22T04:10:17.922813+00:00    942.709   4548.478   4993.269
2025-05-22T04:10:27.922813+00:00    968.246   4599.153   4941.964
2025-05-22T04:10:37.922813+00:00    993.661   4649.250   4890.038
2025-05-22T04:10:47.922813+00:00   1018.952   4698.762   4837.497
2025-05-22T04:10:57.922813+00:00   1044.114   4747.685   4784.348
2025-05-22T04:11:07.922813+00:00   1069.145   4796.011   4730.599
2025-05-22T04:11:17.922813+00:00   1094.043   4843.735   4676.255
2025-05-22T04:11:27.922813+00:00   1118.802   4890.850   4621.324
2025-05-22T04:11:37.922813+00:00   1143.421   4937.351   4565.813
2025-05-22T04:11:47.922813+00:00   1167.897   4983.232   4509.728
2025-05-22T04:11:57.922813+00:00   1192.226   5028.487   4453.077
2025-05-22T04:12:07.922813+00:00   1216.405   5073.111   4395.866
2025-05-22T04:12:17.922813+00:00   1240.432   5117.098   4338.104
2025-05-22T04:12:27.922813+00:00   1264.302   5160.443   4279.798
2025-05-22T04:12:37.922813+00:00   1288.014   5203.140   4220.954
2025-05-22T04:12:47.922813+00:00   1311.565   5245.184   4161.580
2025-05-22T04:12:57.922813+00:00   1334.951   5286.569   4101.684
2025-05-22T04:13:07.922813+00:00   1358.169   5327.292   4041.273
2025-05-22T04:13:17.922813+00:00   1381.217   5367.345   3980.356
2025-05-22T04:13:27.922813+00:00   1404.092   5406.726   3918.939
2025-05-22T04:13:37.922813+00:00   1426.790   5445.428   3857.030
2025-05-22T04:13:47.922813+00:00   1449.310   5483.447   3794.637
2025-05-22T04:13:57.922813+00:00   1471.647   5520.778   3731.769
2025-05-22T04:14:07.922813+00:00   1493.800   5557.417   3668.432
2025-05-22T04:14:17.922813+00:00   1515.766   5593.359   3604.635
2025-05-22T04:14:27.922813+00:00   1537.542   5628.599   3540.387
2025-05-22T04:14:37.922813+00:00   1559.125   5663.134   3475.694
2025-05-22T04:14:47.922813+00:00   1580.512   5696.959   3410.566
2025-05-22T04:14:57.922813+00:00   1601.702   5730.069   3345.010
2025-05-22T04:15:07.922813+00:00   1622.690   5762.461   3279.035
2025-05-22T04:15:17.922813+00:00   1643.475   5794.131   3212.649
2025-05-22T04:15:27.922813+00:00   1664.055   5825.075   3145.860
2025-05-22T04:15:37.922813+00:00   1684.425   5855.289   3078.677
2025-05-22T04:15:47.922813+00:00   1704.585   5884.770   3011.108
2025-05-22T04:15:57.922813+00:00   1724.531   5913.513   2943.162
2025-05-22T04:16:07.922813+00:00   1744.261   5941.515   2874.848
2025-05-22T04:16:17.922813+00:00   1763.772   5968.773   2806.173
2025-05-22T04:16:27.922813+00:00   1783.063   5995.283   2737.146
2025-05-22T04:16:37.922813+00:00   1802.130   6021.042   2667.777
2025-05-22T04:16:47.922813+00:00   1820.972   6046.048   2598.074
2025-05-22T04:16:57.922813+00:00   1839.585   6070.296   2528.046
2025-05-22T04:17:07.922813+00:00   1857.969   6093.784   2457.700
2025-05-22T04:17:17.922813+00:00   1876.119   6116.510   2387.048
2025-05-22T04:17:27.922813+00:00   1894.035   6138.469   2316.096
2025-05-22T04:17:37.922813+00:00   1911.714   6159.661   2244.855
2025-05-22T04:17:47.922813+00:00   1929.153   6180.081   2173.332
2025-05-22T04:17:57.922813+00:00   1946.351   6199.728   2101.538
2025-05-22T04:18:07.922813+00:00   1963.306   6218.599   2029.480
2025-05-22T04:18:17.922813+00:00   1980.015   6236.692   1957.169
2025-05-22T04:18:27.922813+00:00   1996.476   6254.005   1884.613
2025-05-22T04:18:37.922813+00:00   2012.687   6270.536   1811.821
2025-05-22T04:18:47.922813+00:00   2028.647   6286.282   1738.802
2025-05-22T04:18:57.922813+00:00   2044.353   6301.242   1665.566
2025-05-22T04:19:07.922813+00:00   2059.803   6315.413   1592.122
2025-05-22T04:19:17.922813+00:00   2074.995   6328.796   1518.479
2025-05-22T04:19:27.922813+00:00   2089.928   6341.386   1444.645
2025-05-22T04:19:37.922813+00:00   2104.600   6353.184   1370.631
2025-05-22T04:19:47.922813+00:00   2119.009   6364.188   1296.446
2025-05-22T04:19:57.922813+00:00   2133.153   6374.396   1222.099
2025-05-22T04:20:07.922813+00:00   2147.030   6383.807   1147.599
2025-05-22T04:20:17.922813+00:00   2160.639   6392.421   1072.955
2025-05-22T04:20:27.922813+00:00   2173.978   6400.235    998.177
2025-05-22T04:20:37.922813+00:00   2187.045   6407.250    923.275
2025-05-22T04:20:47.922813+00:00   2199.839   6413.464    848.257
2025-05-22T04:20:57.922813+00:00   2212.358   6418.878    773.134
2025-05-22T04:21:07.922813+00:00   2224.601   6423.489    697.913
2025-05-22T04:21:17.922813+00:00   2236.566   6427.298    622.606
2025-05-22T04:21:27.922813+00:00   2248.251   6430.304    547.221
2025-05-22T04:21:37.922813+00:00   2259.656   6432.507    471.767
2025-05-22T04:21:47.922813+00:00   2270.779   6433.906    396.255
2025-05-22T04:21:57.922813+00:00   2281.618   6434.503    320.693
2025-05-22T04:22:07.922813+00:00   2292.172   6434.296    245.091
2025-05-22T04:22:17.922813+00:00   2302.440   6433.286    169.458
2025-05-22T04:22:27.922813+00:00   2312.421   6431.472     93.804
2025-05-22T04:22:37.922813+00:00   2322.113   6428.856     18.139
2025-05-22T04:22:47.922813+00:00   2331.515   6425.438    -57.529
2025-05-22T04:22:57.922813+00:00   2340.626   6421.218   -133.189
2025-05-22T04:23:07.922813+00:00   2349.445   6416.196   -208.833
2025-05-22T04:23:17.922813+00:00   2357.971   6410.374   -284.451
2025-05-22T04:23:27.922813+00:00   2366.203   6403.752   -360.033
2025-05-22T04:23:37.922813+00:00   2374.139   6396.331   -435.571
2025-05-22T04:23:47.922813+00:00   2381.780   6388.112   -511.054
2025-05-22T04:23:57.922813+00:00   2389.123   6379.097   -586.473
2025-05-22T04:24:07.922813+00:00   2396.169   6369.286   -661.819
2025-05-22T04:24:17.922813+00:00   2402.915   6358.680   -737.083
2025-05-22T04:24:27.922813+00:00   2409.362   6347.282   -812.255
2025-05-22T04:24:37.922813+00:00   2415.509   6335.092   -887.325
2025-05-22T04:24:47.922813+00:00   2421.354   6322.113   -962.285
2025-05-22T04:24:57.922813+00:00   2426.897   6308.345  -1037.125
2025-05-22T04:25:07.922813+00:00   2432.138   6293.791  -1111.836
2025-05-22T04:25:17.922813+00:00   2437.076   6278.452  -1186.408
2025-05-22T04:25:27.922813+00:00   2441.710   6262.331  -1260.832
2025-05-22T04:25:37.922813+00:00   2446.040   6245.430  -1335.099
2025-05-22T04:25:47.922813+00:00   2450.065   6227.750  -1409.200
2025-05-22T04:25:57.922813+00:00   2453.785   6209.294  -1483.125
2025-05-22T04:26:07.922813+00:00   2457.199   6190.065  -1556.865
2025-05-22T04:26:17.922813+00:00   2460.306   6170.064  -1630.411
2025-05-22T04:26:27.922813+00:00   2463.108   6149.295  -1703.755
2025-05-22T04:26:37.922813+00:00   2465.602   6127.759  -1776.886
2025-05-22T04:26:47.922813+00:00   2467.790   6105.461  -1849.795
2025-05-22T04:26:57.922813+00:00   2469.670   6082.402  -1922.475
2025-05-22T04:27:07.922813+00:00   2471.242   6058.586  -1994.914
2025-05-22T04:27:17.922813+00:00   2472.507   6034.015  -2067.106
2025-05-22T04:27:27.922813+00:00   2473.464   6008.693  -2139.040
2025-05-22T04:27:37.922813+00:00   2474.113   5982.622  -2210.708
2025-05-22T04:27:47.922813+00:00   2474.454   5955.807  -2282.100
2025-05-22T04:27:57.922813+00:00   2474.486   5928.251  -2353.209
2025-05-22T04:28:07.922813+00:00   2474.211   5899.956  -2424.024
2025-05-22T04:28:17.922813+00:00   2473.628   5870.927  -2494.538
2025-05-22T04:28:27.922813+00:00   2472.737   5841.168  -2564.741
2025-05-22T04:28:37.922813+00:00   2471.538   5810.681  -2634.625
2025-05-22T04:28:47.922813+00:00   2470.032   5779.472  -2704.182
2025-05-22T04:28:57.922813+00:00   2468.218   5747.543  -2773.401
2025-05-22T04:29:07.922813+00:00   2466.098   5714.899  -2842.276
2025-05-22T04:29:17.922813+00:00   2463.670   5681.544  -2910.797
2025-05-22T04:29:27.922813+00:00   2460.936   5647.482  -2978.956
2025-05-22T04:29:37.922813+00:00   2457.896   5612.718  -3046.744
2025-05-22T04:29:47.922813+00:00   2454.550   5577.255  -3114.154
2025-05-22T04:29:57.922813+00:00   2450.898   5541.099  -3181.176
2025-05-22T04:30:07.922813+00:00   2446.942   5504.253  -3247.802
2025-05-22T04:30:17.922813+00:00   2442.682   5466.723  -3314.024
2025-05-22T04:30:27.922813+00:00   2438.118   5428.514  -3379.835
2025-05-22T04:30:37.922813+00:00   2433.250   5389.629  -3445.224
2025-05-22T04:30:47.922813+00:00   2428.080   5350.074  -3510.186
2025-05-22T04:30:57.922813+00:00   2422.608   5309.853  -3574.711
2025-05-22T04:31:07.922813+00:00   2416.835   5268.973  -3638.792
2025-05-22T04:31:17.922813+00:00   2410.762   5227.437  -3702.420
2025-05-22T04:31:27.922813+00:00   2404.388   5185.252  -3765.588
2025-05-22T04:31:37.922813+00:00   2397.716   5142.422  -3828.288
2025-05-22T04:31:47.922813+00:00   2390.746   5098.953  -3890.512
2025-05-22T04:31:57.922813+00:00   2383.479   5054.850  -3952.253
2025-05-22T04:32:07.922813+00:00   2375.915   5010.119  -4013.502
2025-05-22T04:32:17.922813+00:00   2368.056   4964.765  -4074.252
2025-05-22T04:32:27.922813+00:00   2359.903   4918.794  -4134.496
2025-05-22T04:32:37.922813+00:00   2351.457   4872.212  -4194.227
2025-05-22T04:32:47.922813+00:00   2342.718   4825.024  -4253.436
2025-05-22T04:32:57.922813+00:00   2333.688   4777.237  -4312.116
2025-05-22T04:33:07.922813+00:00   2324.369   4728.856  -4370.261
2025-05-22T04:33:17.922813+00:00   2314.760   4679.888  -4427.863
2025-05-22T04:33:27.922813+00:00   2304.864   4630.339  -4484.915
2025-05-22T04:33:37.922813+00:00   2294.682   4580.214  -4541.410
2025-05-22T04:33:47.922813+00:00   2284.214   4529.520  -4597.340
2025-05-22T04:33:57.922813+00:00   2273.463   4478.263  -4652.699
2025-05-22T04:34:07.922813+00:00   2262.430   4426.451  -4707.481
2025-05-22T04:34:17.922813+00:00   2251.115   4374.088  -4761.677
2025-05-22T04:34:27.922813+00:00   2239.521   4321.182  -4815.283
2025-05-22T04:34:37.922813+00:00   2227.649   4267.740  -4868.290
2025-05-22T04:34:47.922813+00:00   2215.499   4213.767  -4920.693
2025-05-22T04:34:57.922813+00:00   2203.075   4159.271  -4972.484
2025-05-22T04:35:07.922813+00:00   2190.378   4104.259  -5023.658
2025-05-22T04:35:17.922813+00:00   2177.408   4048.737  -5074.208
2025-05-22T04:35:27.922813+00:00   2164.168   3992.712  -5124.128
2025-05-22T04:35:37.922813+00:00   2150.659   3936.191  -5173.412
2025-05-22T04:35:47.922813+00:00   2136.883   3879.182  -5222.053
2025-05-22T04:35:57.922813+00:00   2122.842   3821.691  -5270.046
2025-05-22T04:36:07.922813+00:00   2108.537   3763.725  -5317.385
2025-05-22T04:36:17.922813+00:00   2093.970   3705.292  -5364.064
2025-05-22T04:36:27.922813+00:00   2079.144   3646.400  -5410.076
2025-05-22T04:36:37.922813+00:00   2064.059   3587.054  -5455.417
2025-05-22T04:36:47.922813+00:00   2048.718   3527.263  -5500.081
2025-05-22T04:36:57.922813+00:00   2033.123   3467.035  -5544.062
2025-05-22T04:37:07.922813+00:00   2017.275   3406.375  -5587.354
